9.728000000000000000e+03
6.670000000000000000e+02
4.449000000000000000e+03
5.102000000000000000e+03
1.594000000000000000e+03
5.449000000000000000e+03
4.269000000000000000e+03
4.713000000000000000e+03
9.570000000000000000e+03
6.495000000000000000e+03
9.983000000000000000e+03
6.390000000000000000e+02
6.581000000000000000e+03
8.726000000000000000e+03
2.420000000000000000e+03
2.757000000000000000e+03
4.703000000000000000e+03
8.461000000000000000e+03
3.312000000000000000e+03
8.265000000000000000e+03
9.810000000000000000e+02
7.335000000000000000e+03
2.755000000000000000e+03
1.708000000000000000e+03
7.290000000000000000e+02
3.400000000000000000e+02
3.408000000000000000e+03
3.665000000000000000e+03
3.356000000000000000e+03
4.694000000000000000e+03
2.457000000000000000e+03
5.500000000000000000e+03
9.104000000000000000e+03
3.085000000000000000e+03
4.987000000000000000e+03
7.736000000000000000e+03
8.360000000000000000e+03
7.318000000000000000e+03
1.304000000000000000e+03
6.597000000000000000e+03
4.302000000000000000e+03
1.202000000000000000e+03
5.108000000000000000e+03
7.073000000000000000e+03
5.935000000000000000e+03
4.920000000000000000e+02
6.210000000000000000e+03
8.028000000000000000e+03
1.350000000000000000e+03
3.080000000000000000e+02
2.545000000000000000e+03
1.677000000000000000e+03
2.882000000000000000e+03
1.824000000000000000e+03
8.691000000000000000e+03
1.190000000000000000e+02
1.980000000000000000e+02
8.382000000000000000e+03
3.744000000000000000e+03
8.168000000000000000e+03
2.675000000000000000e+03
3.589000000000000000e+03
4.521000000000000000e+03
3.656000000000000000e+03
8.324000000000000000e+03
4.539000000000000000e+03
2.544000000000000000e+03
4.987000000000000000e+03
5.102000000000000000e+03
4.820000000000000000e+02
5.543000000000000000e+03
9.079000000000000000e+03
3.100000000000000000e+02
7.707000000000000000e+03
5.431000000000000000e+03
7.450000000000000000e+02
7.648000000000000000e+03
8.212000000000000000e+03
3.585000000000000000e+03
5.395000000000000000e+03
1.871000000000000000e+03
1.655000000000000000e+03
2.148000000000000000e+03
3.320000000000000000e+03
4.261000000000000000e+03
5.045000000000000000e+03
3.859000000000000000e+03
8.230000000000000000e+02
3.415000000000000000e+03
2.910000000000000000e+03
6.100000000000000000e+02
6.006000000000000000e+03
4.869000000000000000e+03
9.280000000000000000e+03
8.069000000000000000e+03
4.339000000000000000e+03
2.366000000000000000e+03
6.903000000000000000e+03
7.938000000000000000e+03
2.211000000000000000e+03
4.082000000000000000e+03
