2.003000000000000000e+03
4.141000000000000000e+03
2.744000000000000000e+03
6.971000000000000000e+03
3.968000000000000000e+03
3.572000000000000000e+03
3.791000000000000000e+03
3.390000000000000000e+03
9.016000000000000000e+03
5.854000000000000000e+03
8.868000000000000000e+03
7.829000000000000000e+03
3.870000000000000000e+02
8.118000000000000000e+03
2.780000000000000000e+02
8.869000000000000000e+03
2.103000000000000000e+03
1.932000000000000000e+03
1.420000000000000000e+02
5.337000000000000000e+03
6.096000000000000000e+03
2.434000000000000000e+03
4.815000000000000000e+03
4.451000000000000000e+03
3.722000000000000000e+03
7.800000000000000000e+02
6.776000000000000000e+03
8.801000000000000000e+03
5.786000000000000000e+03
1.990000000000000000e+03
4.898000000000000000e+03
6.806000000000000000e+03
3.992000000000000000e+03
3.672000000000000000e+03
8.206000000000000000e+03
4.406000000000000000e+03
9.665000000000000000e+03
5.547000000000000000e+03
4.911000000000000000e+03
5.450000000000000000e+03
2.129000000000000000e+03
6.832000000000000000e+03
8.553000000000000000e+03
1.390000000000000000e+03
6.031000000000000000e+03
6.316000000000000000e+03
9.438000000000000000e+03
6.667000000000000000e+03
8.101000000000000000e+03
4.467000000000000000e+03
2.512000000000000000e+03
5.299000000000000000e+03
6.179000000000000000e+03
8.189000000000000000e+03
4.615000000000000000e+03
8.575000000000000000e+03
6.397000000000000000e+03
6.928000000000000000e+03
9.423000000000000000e+03
2.159000000000000000e+03
7.374000000000000000e+03
7.964000000000000000e+03
4.471000000000000000e+03
4.664000000000000000e+03
9.757000000000000000e+03
7.660000000000000000e+03
5.164000000000000000e+03
4.919000000000000000e+03
2.030000000000000000e+03
5.824000000000000000e+03
2.076000000000000000e+03
1.120000000000000000e+03
1.771000000000000000e+03
4.898000000000000000e+03
2.267000000000000000e+03
6.141000000000000000e+03
9.237000000000000000e+03
7.090000000000000000e+03
8.155000000000000000e+03
7.764000000000000000e+03
4.393000000000000000e+03
1.040000000000000000e+02
5.508000000000000000e+03
6.154000000000000000e+03
6.042000000000000000e+03
6.650000000000000000e+02
4.893000000000000000e+03
2.216000000000000000e+03
2.138000000000000000e+03
6.373000000000000000e+03
2.062000000000000000e+03
4.923000000000000000e+03
9.603000000000000000e+03
1.363000000000000000e+03
5.934000000000000000e+03
4.622000000000000000e+03
6.793000000000000000e+03
7.470000000000000000e+02
1.310000000000000000e+03
8.980000000000000000e+03
7.063000000000000000e+03
